                                                                                                                          Georgia/Tourism
                                                                                                    4Q24/full 2024 review and 2025 outlook
                                                                                                                          January 31, 2025



Table 1: Key tourism statistics for 4Q24
                                                    4Q19              4Q21                4Q22                   4Q23                 4Q24

Tourism revenues, US$ mn                            686                379                999                     874                 964

International visitors, persons                   1,742,963        533,008             1,364,407                1,343,303           1,412,401

 by type:

    Tourists                                      1,089,682        484,690               948,816                1,013,891           1,098,890

    Same-day                                       653,281          48,318               415,591                 329,412             313,511

 by country:

 Russia                                            265,584          71,025               306,918                 269,411             310,919

 Turkey                                            249,163         101,034               382,097                 315,241             276,549

 Armenia                                           371,904          57,248               220,843                226,454              216,028

 Israel                                            54,054           35,304               54,742                  34,414              81,243

 Azerbaijan                                        356,788          25,209               40,854                  52,640              56,149

 Others                                           445,470          243,188               358,953                445,143              471,513

Source: NBG, GNTA
Note: Sorted by 4Q24




Table 2: Key tourism statistics, annual
                                      2018         2019         2020           2021                  2022                 2023          2024

Tourism revenues, US$ mn             3,222         3,269        542            1,245                 3,517                4,125         4,425

As % of GDP                          18.3%        18.7%         3.4%           6.7%                 14.2%               13.6%           13.1%


International visitors,
                                   7,203,350     7,725,774    1,513,421      1,721,242             4,703,945         6,171,540        6,456,064
persons
 by type:

    Tourists                       4,756,820     5,080,478    1,087,093      1,577,463             3,652,949         4,669,467        5,091,732

    Same-day                       2,446,530     2,645,296    426,328        143,779               1,050,996         1,502,073        1,364,332

 by country:

    Russia                          1,404,757     1,471,558    208,677        212,979               1,087,257           1,418,464      1,421,923

    Turkey                          1,098,555     1,156,513    335,580        326,494                925,561            1,396,660      1,336,834

    Armenia                         1,268,886     1,365,048    260,965        164,698                742,593            962,540         948,299

    Israel                            156,922     205,051       25,731        100,686                210,178              217,065       310,982

    Azerbaijan                       1,424,610    1,526,619     295,132        82,718                152,969              199,835       219,356

    Kazakhstan                        58,955       103,611      13,779         66,787               120,494               167,492       124,335

    Iran                             291,070       141,997      17,053         18,549               102,877               126,282       178,930

    Belarus                           60,241       66,174       14,340         53,698               130,046              130,203        118,528

    Other                            1,439,354    1,689,203     342,164       694,633               1,231,970           1,552,999      1,796,877



Airport arrivals                   1,788,417     1,829,341     269,193       877,158               1,536,316          1,921,872       2,438,796

    Tbilisi                        1,402,157     1,355,489     278,477       253,859               1,040,729         1,230,888        1,599,984

    Kutaisi                         147,009       215,556      46,693         87,156                231,566             436,902        439,188

    Batumi                          239,251       258,159      19,868        221,853                264,021             254,082        399,624
Source: GNTA, NBG, Geostat, Galt & Taggart
Note: 2024 GDP is preliminary data



                                                                                                                                                  7
